1.026508303338882797e+02,1.482365216008449238e+02,1.000000000000000000e+00
9.918627577487509939e+01,1.501797564854591940e+02,1.000000000000000000e+00
1.007550741526707441e+02,1.501084324959125524e+02,1.000000000000000000e+00
1.001112232749971724e+02,1.498292674993057858e+02,1.000000000000000000e+00
9.985729312230404275e+01,1.480000966045595021e+02,1.000000000000000000e+00
1.013379548161261425e+02,1.491295155410889492e+02,1.000000000000000000e+00
1.011468011945675016e+02,1.511303744053146829e+02,1.000000000000000000e+00
9.747044048711298103e+01,1.526105875300148114e+02,1.000000000000000000e+00
9.938589714770037631e+01,1.497364177098692153e+02,1.000000000000000000e+00
9.958634044827876153e+01,1.505184625163082615e+02,1.000000000000000000e+00
