5.882127861241335864e+01,8.577276691571265133e+01,1.000000000000000000e+00
5.109267998883606055e+01,9.044652401479709170e+01,1.000000000000000000e+00
5.312312292866326402e+01,9.033649612566138387e+01,1.000000000000000000e+00
5.154143942023669211e+01,8.942036338955934127e+01,1.000000000000000000e+00
5.409094231194160329e+01,8.486919246477962986e+01,1.000000000000000000e+00
5.564384901079746015e+01,8.758259234046792585e+01,1.000000000000000000e+00
5.419030108856175332e+01,9.240054254114154730e+01,1.000000000000000000e+00
4.968146743869760229e+01,9.430663086861586919e+01,1.000000000000000000e+00
4.963608708862486907e+01,8.907069550385858747e+01,1.000000000000000000e+00
5.009269530552339234e+01,9.161261755339434387e+01,1.000000000000000000e+00
