8.805772409715052262e+00,4.755665953919520916e+01,1.000000000000000000e+00
9.402467973457707728e+01,1.998739892627100119e+02,1.000000000000000000e+00
4.725413837001640616e+01,1.249524805072897209e+02,1.000000000000000000e+00
4.787994665088937296e+01,1.293150237148364567e+02,1.000000000000000000e+00
4.620677161298309699e+01,1.200021197231933172e+02,1.000000000000000000e+00
4.893300828288376181e+01,1.280995965852647203e+02,1.000000000000000000e+00
4.833913236740802688e+01,1.267108521089160860e+02,1.000000000000000000e+00
8.425822291780727369e+01,1.388516920719160055e+02,1.000000000000000000e+00
6.838706090247518432e+01,1.629651768291931546e+02,1.000000000000000000e+00
-3.040095116415797634e+02,-5.549349415008996402e+02,1.000000000000000000e+00
