4.615636581129970750e+01,1.222842564009869619e+02,1.000000000000000000e+00
4.871610781640833210e+01,1.165538640052585890e+02,1.000000000000000000e+00
7.921519498550382821e+01,2.451262941401919022e+02,1.000000000000000000e+00
9.170440342108836518e+00,5.917044034210886139e+01,1.000000000000000000e+00
4.282447028006066603e+01,1.636202709972482978e+02,1.000000000000000000e+00
3.947735772424010747e+01,7.331491701140474504e+01,1.000000000000000000e+00
3.716755411379700291e+01,3.117332657042069499e+01,1.000000000000000000e+00
5.693683190547457684e+01,1.069368319054745911e+02,1.000000000000000000e+00
4.662375349618346121e+01,1.164857720297550117e+02,1.000000000000000000e+00
4.611655769197666643e+01,1.206114551198084399e+02,1.000000000000000000e+00
