
5.030650723920476253e+01,1.332257504172548011e+02,1.000000000000000000e+00
4.940985084939021732e+01,1.325637130750349399e+02,1.000000000000000000e+00
5.052369990481615503e+01,1.341848382330846619e+02,1.000000000000000000e+00
5.010356309520802398e+01,1.323377569199589345e+02,1.000000000000000000e+00
5.031581297023901556e+01,1.326909989472546272e+02,1.000000000000000000e+00
5.050869351361691884e+01,1.321428416252383329e+02,1.000000000000000000e+00
4.957267697029595155e+01,1.337628476269240707e+02,1.000000000000000000e+00
4.971901801940789767e+01,1.322827058259258308e+02,1.000000000000000000e+00
4.956135715305284606e+01,1.333975813805546125e+02,1.000000000000000000e+00
5.020939860043110059e+01,1.322649193656397415e+02,1.000000000000000000e+00
