9.961576140990750616e+01,1.524358865028067385e+02,1.000000000000000000e+00
1.000426890418653869e+02,1.516906383101690494e+02,1.000000000000000000e+00
1.024327749060125825e+02,1.553548084574773895e+02,1.000000000000000000e+00
1.147710792740482191e+02,1.603527618041008225e+02,1.000000000000000000e+00
9.999349033310198820e+01,1.543871279078321379e+02,1.000000000000000000e+00
1.081907854798262605e+02,1.646890846224368090e+02,1.000000000000000000e+00
1.030362884376669683e+02,1.579776799053744014e+02,1.000000000000000000e+00
1.031817424305063895e+02,1.489949277949632744e+02,1.000000000000000000e+00
9.947502140197705955e+01,1.517088631959996690e+02,1.000000000000000000e+00
9.954384624640451307e+01,1.522457819177467684e+02,1.000000000000000000e+00
